1 1000 2500 0 Shia7.PNG
1 3000 5000 1 Shia1.PNG
1 6000 8000 2 Shia2.PNG

2 -500 2000 3 Shia7.PNG
2 4000 6000 4 Shia1.PNG

3 -500 1500 5 Shia11.PNG
3 4000 6000 6 Shia3.PNG

4 500 1500 7 Shia6.PNG
4 4000 6000 8 Shia1.PNG

5 -500 1500 9 Shia11.PNG
5 2000 3000 10 Romi1.PNG
5 3001 3500 11 Shia15.PNG
5 3501 4000 12 Romi2.PNG
5 4001 5000 13 Romi1.PNG
5 5001 6000 14 Romi1.PNG
5 6001 7500 15 Shia16.PNG
5 7501 9000 16 Romi1.PNG

6 500 1500 17 Shia1.PNG
6 1501 3000 18 Romi1.PNG
6 3001 4000 19 Romi1.PNG
6 4001 5500 20 Shia2.PNG

7 -500 -200 21 Romi1.PNG
7 1001 2500 22 Romi1.PNG
7 3001 5000 23 Romi1.PNG
7 5001 7000 24 Romi1.PNG
7 7001 8000 25 Shia5.PNG

8 -500 1000 26 Shia1.PNG
8 1001 2000 27 Romi2.PNG
8 2001 3000 28 Shia1.PNG
8 3001 4000 29 Romi1.PNG
8 4001 5000 23 Romi1.PNG
8 5001 5500 30 Shia11.PNG
8 5501 6000 31 Shia5.PNG
8 6001 7000 32 Romi1.PNG

9 -500 1000 33 Shia1.PNG
9 1001 2000 34 Colo1.PNG
9 2001 3000 35 Romi1.PNG
9 3001 4000 36 Colo1.PNG
9 4001 5000 37 Romi1.PNG
9 5001 6000 38 Shia2.PNG
9 6001 7000 39 Colo1.PNG

10 -500 1000 40 Colo1.PNG
10 1001 2000 41 Colo1.PNG
10 2001 3000 42 Romi1.PNG
10 3001 4000 43 Shia1.PNG
10 4001 5000 39 Colo1.PNG
10 5001 6000 44 Shia15.PNG

11 -500 1000 45 Shia1.PNG
11 1001 2500 46 Romi1.PNG
11 2501 4000 47 Colo1.PNG
11 4001 5500 48 Romi1.PNG
11 5501 6500 49 Shia15.PNG

12 -501 1500 50 Colo1.PNG
12 1501 2500 51 Romi1.PNG
12 2501 3500 52 Colo1.PNG
12 3501 4500 53 Romi1.PNG
12 4501 5500 54 Shia4.PNG
12 5501 6500 55 Romi1.PNG
12 6501 7500 56 Shia7.PNG

13 -500 1500 57 Rush1.PNG
13 1501 2500 58 Romi1.PNG
13 2501 4000 59 Rush1.PNG
13 4001 5500 60 Rush1.PNG
13 5501 6500 61 Colo1.PNG
13 6501 7500 62 Rush1.PNG

14 -500 500 63 Rush1.PNG
14 501 2500 64 Romi1.PNG
14 2501 3500 65 Rush1.PNG
14 4001 5500 66 Romi1.PNG
14 5501 6500 67 Colo1.PNG
14 6501 7500 68 Rush1.PNG

15 -501 600 69 Romi1.PNG
15 601 2500 70 Colo1.PNG
15 2501 4500 71 Rush1.PNG
15 4501 6500 72 Romi1.PNG

16 -501 800 73 Shia7.PNG
16 801 1800 74 Rush1.PNG
16 1801 3000 75 Colo1.PNG
16 3001 4500 76 Rush1.PNG
16 4501 6500 77 Colo1.PNG

17 -801 800 78 Rush1.PNG
17 801 1800 79 Colo1.PNG
17 1801 2800 80 Shia1.PNG
17 12001 14000 81 Shia7.PNG