1111112
222
2

1
1
1
1
1
1


2
22
22
22
2


6

22222
222222
22222


2226




22222226


22222222222
2222222222
2222222222
2222222222
22222222222


22222226







22226





222226




222222000000022222222
222220000000222222222

226






226



12
12
12
12
12
122
12226
122

2222222222
2222222222




2263




222222000000222222222222


26




2
222226
222222222
22222
2


22226






2222
22222222
222222226
222222222222
22222222
2222




22222226





1111111111
1111111111
1111111111
1111111111
11111111114
1111111111
1111111111
1111111111