6
6
6
6
6
6
6
6
6
6
6
6
6
6
6
62222
6
6
6
622222
6
6
6
6222200002222222
6
6
6
6
6220000222222222
6
6
6
6
6000022222222222
6
6
6
6
6222220000222222
6222220002222222
6222220000222222
6
6
6
6
6222220000222222
6
6
6222220000222222
6
6
6222220000222222
6
6
6222220000222222
6222220000222222
6222200002222222
6222000022222222
6
6
6
6
6
6
6
6
6222220000222222
6
6000000022222222
6
6
6
6
622263
6
6
6





00000000006








00000000006











6


622222
6

6
6222200002222222
6


6
6220000222222222
6


6
6000022222222222
6


6
6222220000222222
6222220002222222
6222220000222222


6









6










60000004