2222
22
2
2
2
2
27

6

27
2
2
2
2
2226




2
1117
111
111
111
111
11102222
11102222
111
1117
111
111
111
1112
1112
1112
1112
1112
111
1117
111
111
11102222
11102222







6







22226





222222000000222222222222


26




2
222226
22222222207
22222
2













22226






2222
22222222
222222226
222222222222
22222222
2222




222222267













113
11
117
11


20002222
20002222
20002222








6
2



222227







6


222



111777111
111000111
111222111
111000111





6
6
62222
6
6
6
622222
6
6
6
6222200002222222
6
6
6
6
6220000222222222
6
6
6
6
6000022222222222
6
6
6
6
6222220000222222
6222220002222222
6222220000222222
6
6
6
6
6222220000222222
6
6
6222220000222222
6
6
6222220000222222
6
6
6222220000222222
6222220000222222
6222200002222222
6222000022222222
6
6
6
6
6
6
6
6
6222220000222222
6
6000000022222222
6
6





111
111

67


2
22
222
2222
22222
222222


000000000000000222
600011111111111112




111
11100e
111
111
111
1110011
11144111
111111111
111171111
111171111
11117111
1111111