1
1
1
1
1
1
1
1
1
1
1
5
1
1
1
1
1
1
5
1
1
1
1
1
1
1
1
1
1
1
5
1
1
1
1
1
1
1
1
1


22
11
11
11
11


222
111
111
111
111
111
1112
1112
1112
111
111
111
111
111
111
111
1112
1112
11111
11111
1112
1112
111
111
111
111
111
111
111




001
001
001
001
001




11
11
11
11





111
1111
1111
1111
1111
1111
1115






000000001
000000001
000000001
000000001
0000000013
000000001
000000001



2222222
222222
1
1
11
11
1
1
1
1000111
1022222
100221
100221
100221
102221
1
1
1
1
1000001
1000001
1000001
1000001
1000001
1000001
1000001
12
10000002
10000002
12
1000001
1000001
12
1
1
12
1
1
12
1
1
1
11
1
1
12
122
122
12
1
1
1
1
1





1
1
1
1
14
1
1
1