1
1
1
1
1
1
1
1
1
1
1
11
11
11
11
11




111
111
111
111
111
111
111
111




1111
1111
1111
1111
1111
1111
1111


2222
22


1
1
1
1
1
13
1
1
1
1



111
111
111
111
111




1111
1111
1111
1111
1111
1111
1111
1111




00001
00001
00001
00001
00001




00001
00001
00001
00001
00001




00001
00001
00001
00001
00001
0000100001
00001000013
0000100001



1111111001
0000001
0000001
00000011
000000111
111111111







00001
00001
00001
00001
00001
00001
00001





1
1
1
1
1
1
11
11
11
11
11




111
111
111
111
111
111
111
111




1111
1111
1111
1111
1111
1111
1111


2222
22


1
1
14
1
1