1
1
1
1
1
1
1
1
1
1
1
1
1
1
1
1








226










2222226




22222222200000022222



1
1
1
1
1
1




226



12
12
12
12
12
1226
1222
122222




11111111
11111111
11111111
111111113
11111111
11111111
11111111
11111111






22226





222226




222222000000022222222
222220000000222222222

226






226



12
12
12
12
12
122
12226
122

2222222222
2222222222




226






11111111
11111111
11111111001111111111
11111111001111111111
1111111100000600004
1111111500000600004
11111111111111111111
11111111111111111111