1
1
1
1
11
11
11
11
11
11
11
11
11
1
1
1
1
1
1





1
1
11
11
111
111
11
1
1001
1
100001
120001
120a01
120001
120001
120001
120001
100001
1
1
1
1
111
111
11
11
1
100000000000000000011111
100000000000000000111111
110002222222222221111111
100000000000000000111111
100000000000000000011111
1
1
10b
1
13
1
1
1
1



11
11



111
111
111



1111
1111
1111


11111
11111
1112
1112
1112
1112
1112
11111
11111






2
1
1
13
1
1




22000222111111111111111
1
1
1
11
11
1
122
111
001
001
001
001
001



22220002211111111111111
2
2
2
11
11
11
11
11
11
11
11
114
11
11
11