111
11
1
11
111
11
1
11
111
11
1
11
111
11
1
11
111
11
1
11
111
11
1
11
111
11
1
11
111
11
1
11
111
11
1
11
111
11
1
11
1111111111
1111111111
1111111111
111
11
1
11
111
11
1
11
111
11
1
11
111
11
1
11
111
11
1
11
111
11
1
11
111
11
1
11
111
11
1
11
111
11
1
11
111
11
1
11
111
11
1
11
111
11
1
11
111
11
1
11
111
11
1
11
111
11
1
11
111
11
1
11
111
11
1
11
111
11
1
11
111
11
1
11
111
11
1
11
1111111111
1111111111
1111111111
11111111113
1111111111
1111111111
1111111111






000006







1111111111
1111111111
1111111111
1111111111
1111111111
1111111111
1111111111





2226






2226





2222226




1122222222
1111111111
1111111111
1111111111
11111111114
1111111111
1111111111
1111111111