22222222225



1000000000000001
1000000000000001
1000000000000001
1000000000000001
1000000000000001
1
1
1
1
102225
1
5
12
1111122000000001
1111122000000001
1111122000000001
12222
1
1
1
1
1
5
1
1
1
00001000000001
00002000000001
00001000000001
00002000000001
00001000000001
00001000000001
00001000000001




1
1000000001
1000000001
1000000001
1000000001
1000000001
1
1
5




001
001
001
001




11
11
11
11





111
1111
1111
1111
1111
1111
1115






000000001
000000001
000000001
000000001
0000000013
000000001
000000001





1111111
0000001
0000001
0000001
0000001
1111111





00001
00001
00001
00001
00001
00001
00001





1
1
1
1
1
1
11
11
11
11
11




111
111
111
111
111
111
111
111




1111
1111
1111
1111
1111
1111
1115


222222
2222222


1
1
14
1
1