22222
2222
2
1
1
1
1
1
1
1
1
1
1
1
1
10d
1
5

2
2
222
1111
1111
1115


22222221
11111111
11111111
11111111
11111115



2222222222222
1111111111111
1111111111111
1111111111111
1111111111111
1111111111111
1
1
1
1000000000000222222
1011111111111111122
1
5



22221
11111
11111
11111




1
1
1
1
1
10001111
10000002
10000002
50000002
10000002
10000002
10000002
10000002
50000002
10000002
10000002
10001111
1
1
1
1
1
1
5
5
5
5
5
5
5
5
511122555
11112222222222
11111111111111
11111111111111
11111111111111
11111111111111
111111111111114
11111111111111
11111111111111
11111111111111