111
111
111
111
111
111
111
111
111
111
111
111
111
11
11
11
11
11
1
1
1
1
1
1
1
1
11
11
111
111
1111
11111
111111
1111111
11111111
11110001
10000001
10000001
10013001
10111111
1
1
1
1
1
1
1
1
1000002
1000002
10011111111111
10000020000001
10c00000000001
10000000000001
10011111110001
10000000010001
10000000010001
12220000010001
10000000010001
10000000010001
10002220010001
10000000010001
10011111110001
1000000001
1
1
1
10000000001
10000000001
10000000001
1
1
1
110000000022222222
110000000000001111
112002222222211111
110000000000001111
110000000000000111
11
11
11
11
1
1
1
1
13
1
11
111
1111
1111



111111
0000001
00000001
000000001



0000000001
0000000001
00000000001
00000000001
00000000001
00000000001
00000000001
11111111111




00000000001
00000000001
000000000001
0000000000001
00000000000001
00000000000001
000000000000014
00000000000001
11111111111111