11
11
11
1
1
1
1
1
1
1
1
1
1
1
1
1
11
11
11
11
11
11
117
11


20002222
20002222
20002222








6
2



222227







6


222



111777111
111000111
1112221113
111000111








11
1
1
1
11
11
1
1
1701721
0000001
0000001
0000001
0000001
0000001
0000001
0000001
11111112
10000012
1400001
10000017
1000001
1200001
120002106
100000122222
1000001
1000001
1000001
17220017222222222
1011001
1000001
1000001
1000001
10000012
10000012
12000012
10000012
1000001
1000001
1000001
1000001
1000001
1722221
1000001
1
1
1
1
1
1

6
2


222227





6
6
6



2222277777









1
1
1
1
1
1
14
1
1
1